2022/03/26-20:38:13.129516 7f0a407c9000 RocksDB version: 6.20.3
2022/03/26-20:38:13.129561 7f0a407c9000 Git sha 8608d75d85f8e1b3b64b73a4fb6d19baec61ba5c
2022/03/26-20:38:13.129562 7f0a407c9000 Compile date 2021-05-05 20:35:30
2022/03/26-20:38:13.129605 7f0a407c9000 DB SUMMARY
2022/03/26-20:38:13.129606 7f0a407c9000 DB Session ID:  0QIEK3O2ALEKO280P979
2022/03/26-20:38:13.129618 7f0a407c9000 SST files in test-ledger/rocksdb dir, Total Num: 0, files: 
2022/03/26-20:38:13.129620 7f0a407c9000 Write Ahead Log file in test-ledger/rocksdb: 
2022/03/26-20:38:13.129621 7f0a407c9000                         Options.error_if_exists: 0
2022/03/26-20:38:13.129622 7f0a407c9000                       Options.create_if_missing: 1
2022/03/26-20:38:13.129622 7f0a407c9000                         Options.paranoid_checks: 1
2022/03/26-20:38:13.129623 7f0a407c9000                               Options.track_and_verify_wals_in_manifest: 0
2022/03/26-20:38:13.129624 7f0a407c9000                                     Options.env: 0x55c12b843880
2022/03/26-20:38:13.129625 7f0a407c9000                                      Options.fs: Posix File System
2022/03/26-20:38:13.129626 7f0a407c9000                                Options.info_log: 0x55c12c2d74e0
2022/03/26-20:38:13.129627 7f0a407c9000                Options.max_file_opening_threads: 16
2022/03/26-20:38:13.129627 7f0a407c9000                              Options.statistics: (nil)
2022/03/26-20:38:13.129628 7f0a407c9000                               Options.use_fsync: 0
2022/03/26-20:38:13.129629 7f0a407c9000                       Options.max_log_file_size: 0
2022/03/26-20:38:13.129630 7f0a407c9000                  Options.max_manifest_file_size: 1073741824
2022/03/26-20:38:13.129630 7f0a407c9000                   Options.log_file_time_to_roll: 0
2022/03/26-20:38:13.129631 7f0a407c9000                       Options.keep_log_file_num: 1000
2022/03/26-20:38:13.129632 7f0a407c9000                    Options.recycle_log_file_num: 0
2022/03/26-20:38:13.129633 7f0a407c9000                         Options.allow_fallocate: 1
2022/03/26-20:38:13.129633 7f0a407c9000                        Options.allow_mmap_reads: 0
2022/03/26-20:38:13.129634 7f0a407c9000                       Options.allow_mmap_writes: 0
2022/03/26-20:38:13.129635 7f0a407c9000                        Options.use_direct_reads: 0
2022/03/26-20:38:13.129635 7f0a407c9000                        Options.use_direct_io_for_flush_and_compaction: 0
2022/03/26-20:38:13.129636 7f0a407c9000          Options.create_missing_column_families: 1
2022/03/26-20:38:13.129637 7f0a407c9000                              Options.db_log_dir: 
2022/03/26-20:38:13.129637 7f0a407c9000                                 Options.wal_dir: test-ledger/rocksdb
2022/03/26-20:38:13.129638 7f0a407c9000                Options.table_cache_numshardbits: 6
2022/03/26-20:38:13.129639 7f0a407c9000                         Options.WAL_ttl_seconds: 0
2022/03/26-20:38:13.129640 7f0a407c9000                       Options.WAL_size_limit_MB: 0
2022/03/26-20:38:13.129640 7f0a407c9000                        Options.max_write_batch_group_size_bytes: 1048576
2022/03/26-20:38:13.129641 7f0a407c9000             Options.manifest_preallocation_size: 4194304
2022/03/26-20:38:13.129642 7f0a407c9000                     Options.is_fd_close_on_exec: 1
2022/03/26-20:38:13.129642 7f0a407c9000                   Options.advise_random_on_open: 1
2022/03/26-20:38:13.129643 7f0a407c9000                    Options.db_write_buffer_size: 0
2022/03/26-20:38:13.129644 7f0a407c9000                    Options.write_buffer_manager: 0x55c12c33d1d0
2022/03/26-20:38:13.129645 7f0a407c9000         Options.access_hint_on_compaction_start: 1
2022/03/26-20:38:13.129645 7f0a407c9000  Options.new_table_reader_for_compaction_inputs: 0
2022/03/26-20:38:13.129646 7f0a407c9000           Options.random_access_max_buffer_size: 1048576
2022/03/26-20:38:13.129647 7f0a407c9000                      Options.use_adaptive_mutex: 0
2022/03/26-20:38:13.129647 7f0a407c9000                            Options.rate_limiter: (nil)
2022/03/26-20:38:13.129648 7f0a407c9000     Options.sst_file_manager.rate_bytes_per_sec: 0
2022/03/26-20:38:13.129659 7f0a407c9000                       Options.wal_recovery_mode: 2
2022/03/26-20:38:13.129659 7f0a407c9000                  Options.enable_thread_tracking: 0
2022/03/26-20:38:13.129660 7f0a407c9000                  Options.enable_pipelined_write: 0
2022/03/26-20:38:13.129661 7f0a407c9000                  Options.unordered_write: 0
2022/03/26-20:38:13.129662 7f0a407c9000         Options.allow_concurrent_memtable_write: 1
2022/03/26-20:38:13.129662 7f0a407c9000      Options.enable_write_thread_adaptive_yield: 1
2022/03/26-20:38:13.129663 7f0a407c9000             Options.write_thread_max_yield_usec: 100
2022/03/26-20:38:13.129664 7f0a407c9000            Options.write_thread_slow_yield_usec: 3
2022/03/26-20:38:13.129664 7f0a407c9000                               Options.row_cache: None
2022/03/26-20:38:13.129665 7f0a407c9000                              Options.wal_filter: None
2022/03/26-20:38:13.129666 7f0a407c9000             Options.avoid_flush_during_recovery: 0
2022/03/26-20:38:13.129667 7f0a407c9000             Options.allow_ingest_behind: 0
2022/03/26-20:38:13.129667 7f0a407c9000             Options.preserve_deletes: 0
2022/03/26-20:38:13.129668 7f0a407c9000             Options.two_write_queues: 0
2022/03/26-20:38:13.129669 7f0a407c9000             Options.manual_wal_flush: 0
2022/03/26-20:38:13.129669 7f0a407c9000             Options.atomic_flush: 0
2022/03/26-20:38:13.129670 7f0a407c9000             Options.avoid_unnecessary_blocking_io: 0
2022/03/26-20:38:13.129671 7f0a407c9000                 Options.persist_stats_to_disk: 0
2022/03/26-20:38:13.129671 7f0a407c9000                 Options.write_dbid_to_manifest: 0
2022/03/26-20:38:13.129672 7f0a407c9000                 Options.log_readahead_size: 0
2022/03/26-20:38:13.129673 7f0a407c9000                 Options.file_checksum_gen_factory: Unknown
2022/03/26-20:38:13.129673 7f0a407c9000                 Options.best_efforts_recovery: 0
2022/03/26-20:38:13.129674 7f0a407c9000                Options.max_bgerror_resume_count: 2147483647
2022/03/26-20:38:13.129675 7f0a407c9000            Options.bgerror_resume_retry_interval: 1000000
2022/03/26-20:38:13.129676 7f0a407c9000             Options.allow_data_in_errors: 0
2022/03/26-20:38:13.129676 7f0a407c9000             Options.db_host_id: __hostname__
2022/03/26-20:38:13.129677 7f0a407c9000             Options.max_background_jobs: 4
2022/03/26-20:38:13.129678 7f0a407c9000             Options.max_background_compactions: -1
2022/03/26-20:38:13.129678 7f0a407c9000             Options.max_subcompactions: 1
2022/03/26-20:38:13.129679 7f0a407c9000             Options.avoid_flush_during_shutdown: 0
2022/03/26-20:38:13.129680 7f0a407c9000           Options.writable_file_max_buffer_size: 1048576
2022/03/26-20:38:13.129681 7f0a407c9000             Options.delayed_write_rate : 16777216
2022/03/26-20:38:13.129681 7f0a407c9000             Options.max_total_wal_size: 4294967296
2022/03/26-20:38:13.129682 7f0a407c9000             Options.delete_obsolete_files_period_micros: 21600000000
2022/03/26-20:38:13.129683 7f0a407c9000                   Options.stats_dump_period_sec: 600
2022/03/26-20:38:13.129684 7f0a407c9000                 Options.stats_persist_period_sec: 600
2022/03/26-20:38:13.129684 7f0a407c9000                 Options.stats_history_buffer_size: 1048576
2022/03/26-20:38:13.129685 7f0a407c9000                          Options.max_open_files: -1
2022/03/26-20:38:13.129686 7f0a407c9000                          Options.bytes_per_sync: 0
2022/03/26-20:38:13.129686 7f0a407c9000                      Options.wal_bytes_per_sync: 0
2022/03/26-20:38:13.129687 7f0a407c9000                   Options.strict_bytes_per_sync: 0
2022/03/26-20:38:13.129688 7f0a407c9000       Options.compaction_readahead_size: 0
2022/03/26-20:38:13.129688 7f0a407c9000                  Options.max_background_flushes: -1
2022/03/26-20:38:13.129689 7f0a407c9000 Compression algorithms supported:
2022/03/26-20:38:13.129690 7f0a407c9000 	kZSTDNotFinalCompression supported: 0
2022/03/26-20:38:13.129691 7f0a407c9000 	kZSTD supported: 0
2022/03/26-20:38:13.129697 7f0a407c9000 	kXpressCompression supported: 0
2022/03/26-20:38:13.129698 7f0a407c9000 	kLZ4HCCompression supported: 1
2022/03/26-20:38:13.129699 7f0a407c9000 	kLZ4Compression supported: 1
2022/03/26-20:38:13.129700 7f0a407c9000 	kBZip2Compression supported: 0
2022/03/26-20:38:13.129701 7f0a407c9000 	kZlibCompression supported: 0
2022/03/26-20:38:13.129701 7f0a407c9000 	kSnappyCompression supported: 0
2022/03/26-20:38:13.129703 7f0a407c9000 Fast CRC32 supported: Not supported on x86
2022/03/26-20:38:13.171923 7f0a407c9000 [db/db_impl/db_impl_open.cc:285] Creating manifest 1 
2022/03/26-20:38:14.932916 7f0a407c9000 [db/version_set.cc:4627] Recovering from manifest file: test-ledger/rocksdb/MANIFEST-000001
2022/03/26-20:38:14.933114 7f0a407c9000 [db/column_family.cc:598] --------------- Options for column family [default]:
2022/03/26-20:38:14.933118 7f0a407c9000               Options.comparator: leveldb.BytewiseComparator
2022/03/26-20:38:14.933120 7f0a407c9000           Options.merge_operator: None
2022/03/26-20:38:14.933121 7f0a407c9000        Options.compaction_filter: None
2022/03/26-20:38:14.933122 7f0a407c9000        Options.compaction_filter_factory: None
2022/03/26-20:38:14.933123 7f0a407c9000  Options.sst_partitioner_factory: None
2022/03/26-20:38:14.933125 7f0a407c9000         Options.memtable_factory: SkipListFactory
2022/03/26-20:38:14.933126 7f0a407c9000            Options.table_factory: BlockBasedTable
2022/03/26-20:38:14.933154 7f0a407c9000            table_factory options:   flush_block_policy_factory: FlushBlockBySizePolicyFactory (0x55c12c334140)
  cache_index_and_filter_blocks: 0
  cache_index_and_filter_blocks_with_high_priority: 1
  pin_l0_filter_and_index_blocks_in_cache: 0
  pin_top_level_index_and_filter: 1
  index_type: 0
  data_block_index_type: 0
  index_shortening: 1
  data_block_hash_table_util_ratio: 0.750000
  hash_index_allow_collision: 1
  checksum: 1
  no_block_cache: 0
  block_cache: 0x55c12c334cb0
  block_cache_name: LRUCache
  block_cache_options:
    capacity : 8388608
    num_shard_bits : 4
    strict_capacity_limit : 0
    memory_allocator : None
    high_pri_pool_ratio: 0.000
  block_cache_compressed: (nil)
  persistent_cache: (nil)
  block_size: 4096
  block_size_deviation: 10
  block_restart_interval: 16
  index_block_restart_interval: 1
  metadata_block_size: 4096
  partition_filters: 0
  use_delta_encoding: 1
  filter_policy: nullptr
  whole_key_filtering: 1
  verify_compression: 0
  read_amp_bytes_per_bit: 0
  format_version: 5
  enable_index_compression: 1
  block_align: 0
2022/03/26-20:38:14.933156 7f0a407c9000        Options.write_buffer_size: 67108864
2022/03/26-20:38:14.933158 7f0a407c9000  Options.max_write_buffer_number: 2
2022/03/26-20:38:14.933159 7f0a407c9000          Options.compression: NoCompression
2022/03/26-20:38:14.933160 7f0a407c9000                  Options.bottommost_compression: Disabled
2022/03/26-20:38:14.933161 7f0a407c9000       Options.prefix_extractor: nullptr
2022/03/26-20:38:14.933163 7f0a407c9000   Options.memtable_insert_with_hint_prefix_extractor: nullptr
2022/03/26-20:38:14.933164 7f0a407c9000             Options.num_levels: 7
2022/03/26-20:38:14.933165 7f0a407c9000        Options.min_write_buffer_number_to_merge: 1
2022/03/26-20:38:14.933166 7f0a407c9000     Options.max_write_buffer_number_to_maintain: 0
2022/03/26-20:38:14.933167 7f0a407c9000     Options.max_write_buffer_size_to_maintain: 0
2022/03/26-20:38:14.933169 7f0a407c9000            Options.bottommost_compression_opts.window_bits: -14
2022/03/26-20:38:14.933170 7f0a407c9000                  Options.bottommost_compression_opts.level: 32767
2022/03/26-20:38:14.933171 7f0a407c9000               Options.bottommost_compression_opts.strategy: 0
2022/03/26-20:38:14.933172 7f0a407c9000         Options.bottommost_compression_opts.max_dict_bytes: 0
2022/03/26-20:38:14.933173 7f0a407c9000         Options.bottommost_compression_opts.zstd_max_train_bytes: 0
2022/03/26-20:38:14.933175 7f0a407c9000         Options.bottommost_compression_opts.parallel_threads: 1
2022/03/26-20:38:14.933176 7f0a407c9000                  Options.bottommost_compression_opts.enabled: false
2022/03/26-20:38:14.933207 7f0a407c9000         Options.bottommost_compression_opts.max_dict_buffer_bytes: 0
2022/03/26-20:38:14.933209 7f0a407c9000            Options.compression_opts.window_bits: -14
2022/03/26-20:38:14.933210 7f0a407c9000                  Options.compression_opts.level: 32767
2022/03/26-20:38:14.933211 7f0a407c9000               Options.compression_opts.strategy: 0
2022/03/26-20:38:14.933212 7f0a407c9000         Options.compression_opts.max_dict_bytes: 0
2022/03/26-20:38:14.933213 7f0a407c9000         Options.compression_opts.zstd_max_train_bytes: 0
2022/03/26-20:38:14.933214 7f0a407c9000         Options.compression_opts.parallel_threads: 1
2022/03/26-20:38:14.933216 7f0a407c9000                  Options.compression_opts.enabled: false
2022/03/26-20:38:14.933217 7f0a407c9000         Options.compression_opts.max_dict_buffer_bytes: 0
2022/03/26-20:38:14.933218 7f0a407c9000      Options.level0_file_num_compaction_trigger: 4
2022/03/26-20:38:14.933219 7f0a407c9000          Options.level0_slowdown_writes_trigger: 20
2022/03/26-20:38:14.933220 7f0a407c9000              Options.level0_stop_writes_trigger: 36
2022/03/26-20:38:14.933222 7f0a407c9000                   Options.target_file_size_base: 67108864
2022/03/26-20:38:14.933223 7f0a407c9000             Options.target_file_size_multiplier: 1
2022/03/26-20:38:14.933224 7f0a407c9000                Options.max_bytes_for_level_base: 268435456
2022/03/26-20:38:14.933225 7f0a407c9000 Options.level_compaction_dynamic_level_bytes: 0
2022/03/26-20:38:14.933227 7f0a407c9000          Options.max_bytes_for_level_multiplier: 10.000000
2022/03/26-20:38:14.933230 7f0a407c9000 Options.max_bytes_for_level_multiplier_addtl[0]: 1
2022/03/26-20:38:14.933231 7f0a407c9000 Options.max_bytes_for_level_multiplier_addtl[1]: 1
2022/03/26-20:38:14.933233 7f0a407c9000 Options.max_bytes_for_level_multiplier_addtl[2]: 1
2022/03/26-20:38:14.933234 7f0a407c9000 Options.max_bytes_for_level_multiplier_addtl[3]: 1
2022/03/26-20:38:14.933235 7f0a407c9000 Options.max_bytes_for_level_multiplier_addtl[4]: 1
2022/03/26-20:38:14.933236 7f0a407c9000 Options.max_bytes_for_level_multiplier_addtl[5]: 1
2022/03/26-20:38:14.933238 7f0a407c9000 Options.max_bytes_for_level_multiplier_addtl[6]: 1
2022/03/26-20:38:14.933239 7f0a407c9000       Options.max_sequential_skip_in_iterations: 8
2022/03/26-20:38:14.933240 7f0a407c9000                    Options.max_compaction_bytes: 1677721600
2022/03/26-20:38:14.933241 7f0a407c9000                        Options.arena_block_size: 8388608
2022/03/26-20:38:14.933242 7f0a407c9000   Options.soft_pending_compaction_bytes_limit: 68719476736
2022/03/26-20:38:14.933244 7f0a407c9000   Options.hard_pending_compaction_bytes_limit: 274877906944
2022/03/26-20:38:14.933245 7f0a407c9000       Options.rate_limit_delay_max_milliseconds: 100
2022/03/26-20:38:14.933246 7f0a407c9000                Options.disable_auto_compactions: 0
2022/03/26-20:38:14.933248 7f0a407c9000                        Options.compaction_style: kCompactionStyleLevel
2022/03/26-20:38:14.933250 7f0a407c9000                          Options.compaction_pri: kMinOverlappingRatio
2022/03/26-20:38:14.933252 7f0a407c9000 Options.compaction_options_universal.size_ratio: 1
2022/03/26-20:38:14.933253 7f0a407c9000 Options.compaction_options_universal.min_merge_width: 2
2022/03/26-20:38:14.933254 7f0a407c9000 Options.compaction_options_universal.max_merge_width: 4294967295
2022/03/26-20:38:14.933255 7f0a407c9000 Options.compaction_options_universal.max_size_amplification_percent: 200
2022/03/26-20:38:14.933256 7f0a407c9000 Options.compaction_options_universal.compression_size_percent: -1
2022/03/26-20:38:14.933258 7f0a407c9000 Options.compaction_options_universal.stop_style: kCompactionStopStyleTotalSize
2022/03/26-20:38:14.933260 7f0a407c9000 Options.compaction_options_fifo.max_table_files_size: 1073741824
2022/03/26-20:38:14.933261 7f0a407c9000 Options.compaction_options_fifo.allow_compaction: 0
2022/03/26-20:38:14.933270 7f0a407c9000                   Options.table_properties_collectors: 
2022/03/26-20:38:14.933285 7f0a407c9000                   Options.inplace_update_support: 0
2022/03/26-20:38:14.933287 7f0a407c9000                 Options.inplace_update_num_locks: 10000
2022/03/26-20:38:14.933288 7f0a407c9000               Options.memtable_prefix_bloom_size_ratio: 0.000000
2022/03/26-20:38:14.933290 7f0a407c9000               Options.memtable_whole_key_filtering: 0
2022/03/26-20:38:14.933291 7f0a407c9000   Options.memtable_huge_page_size: 0
2022/03/26-20:38:14.933292 7f0a407c9000                           Options.bloom_locality: 0
2022/03/26-20:38:14.933293 7f0a407c9000                    Options.max_successive_merges: 0
2022/03/26-20:38:14.933295 7f0a407c9000                Options.optimize_filters_for_hits: 0
2022/03/26-20:38:14.933296 7f0a407c9000                Options.paranoid_file_checks: 0
2022/03/26-20:38:14.933297 7f0a407c9000                Options.force_consistency_checks: 1
2022/03/26-20:38:14.933298 7f0a407c9000                Options.report_bg_io_stats: 0
2022/03/26-20:38:14.933299 7f0a407c9000                               Options.ttl: 2592000
2022/03/26-20:38:14.933300 7f0a407c9000          Options.periodic_compaction_seconds: 0
2022/03/26-20:38:14.933302 7f0a407c9000                    Options.enable_blob_files: false
2022/03/26-20:38:14.933303 7f0a407c9000                        Options.min_blob_size: 0
2022/03/26-20:38:14.933304 7f0a407c9000                       Options.blob_file_size: 268435456
2022/03/26-20:38:14.933305 7f0a407c9000                Options.blob_compression_type: NoCompression
2022/03/26-20:38:14.933307 7f0a407c9000       Options.enable_blob_garbage_collection: false
2022/03/26-20:38:14.933308 7f0a407c9000   Options.blob_garbage_collection_age_cutoff: 0.250000
2022/03/26-20:38:14.934011 7f0a407c9000 [db/version_set.cc:4675] Recovered from manifest file:test-ledger/rocksdb/MANIFEST-000001 succeeded,manifest_file_number is 1, next_file_number is 3, last_sequence is 0, log_number is 0,prev_log_number is 0,max_column_family is 0,min_log_number_to_keep is 0
2022/03/26-20:38:14.934016 7f0a407c9000 [db/version_set.cc:4684] Column family [default] (ID 0), log number is 0
2022/03/26-20:38:14.934081 7f0a407c9000 [db/version_set.cc:4119] Creating manifest 4
2022/03/26-20:38:16.188923 7f0a407c9000 [db/column_family.cc:598] --------------- Options for column family [meta]:
2022/03/26-20:38:16.188932 7f0a407c9000               Options.comparator: leveldb.BytewiseComparator
2022/03/26-20:38:16.188933 7f0a407c9000           Options.merge_operator: None
2022/03/26-20:38:16.188935 7f0a407c9000        Options.compaction_filter: None
2022/03/26-20:38:16.188943 7f0a407c9000        Options.compaction_filter_factory: purged_slot_filter_factory(meta)
2022/03/26-20:38:16.188944 7f0a407c9000  Options.sst_partitioner_factory: None
2022/03/26-20:38:16.188945 7f0a407c9000         Options.memtable_factory: SkipListFactory
2022/03/26-20:38:16.188947 7f0a407c9000            Options.table_factory: BlockBasedTable
2022/03/26-20:38:16.188977 7f0a407c9000            table_factory options:   flush_block_policy_factory: FlushBlockBySizePolicyFactory (0x55c12c30aed0)
  cache_index_and_filter_blocks: 0
  cache_index_and_filter_blocks_with_high_priority: 1
  pin_l0_filter_and_index_blocks_in_cache: 0
  pin_top_level_index_and_filter: 1
  index_type: 0
  data_block_index_type: 0
  index_shortening: 1
  data_block_hash_table_util_ratio: 0.750000
  hash_index_allow_collision: 1
  checksum: 1
  no_block_cache: 0
  block_cache: 0x55c12c30af20
  block_cache_name: LRUCache
  block_cache_options:
    capacity : 8388608
    num_shard_bits : 4
    strict_capacity_limit : 0
    memory_allocator : None
    high_pri_pool_ratio: 0.000
  block_cache_compressed: (nil)
  persistent_cache: (nil)
  block_size: 4096
  block_size_deviation: 10
  block_restart_interval: 16
  index_block_restart_interval: 1
  metadata_block_size: 4096
  partition_filters: 0
  use_delta_encoding: 1
  filter_policy: nullptr
  whole_key_filtering: 1
  verify_compression: 0
  read_amp_bytes_per_bit: 0
  format_version: 5
  enable_index_compression: 1
  block_align: 0
2022/03/26-20:38:16.188985 7f0a407c9000        Options.write_buffer_size: 268435456
2022/03/26-20:38:16.188986 7f0a407c9000  Options.max_write_buffer_number: 8
2022/03/26-20:38:16.188987 7f0a407c9000          Options.compression: NoCompression
2022/03/26-20:38:16.188989 7f0a407c9000                  Options.bottommost_compression: Disabled
2022/03/26-20:38:16.188990 7f0a407c9000       Options.prefix_extractor: nullptr
2022/03/26-20:38:16.188991 7f0a407c9000   Options.memtable_insert_with_hint_prefix_extractor: nullptr
2022/03/26-20:38:16.188992 7f0a407c9000             Options.num_levels: 7
2022/03/26-20:38:16.188993 7f0a407c9000        Options.min_write_buffer_number_to_merge: 1
2022/03/26-20:38:16.188995 7f0a407c9000     Options.max_write_buffer_number_to_maintain: 0
2022/03/26-20:38:16.188996 7f0a407c9000     Options.max_write_buffer_size_to_maintain: 0
2022/03/26-20:38:16.188997 7f0a407c9000            Options.bottommost_compression_opts.window_bits: -14
2022/03/26-20:38:16.188998 7f0a407c9000                  Options.bottommost_compression_opts.level: 32767
2022/03/26-20:38:16.189000 7f0a407c9000               Options.bottommost_compression_opts.strategy: 0
2022/03/26-20:38:16.189001 7f0a407c9000         Options.bottommost_compression_opts.max_dict_bytes: 0
2022/03/26-20:38:16.189002 7f0a407c9000         Options.bottommost_compression_opts.zstd_max_train_bytes: 0
2022/03/26-20:38:16.189003 7f0a407c9000         Options.bottommost_compression_opts.parallel_threads: 1
2022/03/26-20:38:16.189004 7f0a407c9000                  Options.bottommost_compression_opts.enabled: false
2022/03/26-20:38:16.189006 7f0a407c9000         Options.bottommost_compression_opts.max_dict_buffer_bytes: 0
2022/03/26-20:38:16.189007 7f0a407c9000            Options.compression_opts.window_bits: -14
2022/03/26-20:38:16.189008 7f0a407c9000                  Options.compression_opts.level: 32767
2022/03/26-20:38:16.189009 7f0a407c9000               Options.compression_opts.strategy: 0
2022/03/26-20:38:16.189010 7f0a407c9000         Options.compression_opts.max_dict_bytes: 0
2022/03/26-20:38:16.189012 7f0a407c9000         Options.compression_opts.zstd_max_train_bytes: 0
2022/03/26-20:38:16.189013 7f0a407c9000         Options.compression_opts.parallel_threads: 1
2022/03/26-20:38:16.189050 7f0a407c9000                  Options.compression_opts.enabled: false
2022/03/26-20:38:16.189052 7f0a407c9000         Options.compression_opts.max_dict_buffer_bytes: 0
2022/03/26-20:38:16.189053 7f0a407c9000      Options.level0_file_num_compaction_trigger: 4
2022/03/26-20:38:16.189054 7f0a407c9000          Options.level0_slowdown_writes_trigger: 20
2022/03/26-20:38:16.189055 7f0a407c9000              Options.level0_stop_writes_trigger: 36
2022/03/26-20:38:16.189055 7f0a407c9000                   Options.target_file_size_base: 107374182
2022/03/26-20:38:16.189056 7f0a407c9000             Options.target_file_size_multiplier: 1
2022/03/26-20:38:16.189057 7f0a407c9000                Options.max_bytes_for_level_base: 1073741824
2022/03/26-20:38:16.189058 7f0a407c9000 Options.level_compaction_dynamic_level_bytes: 0
2022/03/26-20:38:16.189059 7f0a407c9000          Options.max_bytes_for_level_multiplier: 10.000000
2022/03/26-20:38:16.189061 7f0a407c9000 Options.max_bytes_for_level_multiplier_addtl[0]: 1
2022/03/26-20:38:16.189062 7f0a407c9000 Options.max_bytes_for_level_multiplier_addtl[1]: 1
2022/03/26-20:38:16.189063 7f0a407c9000 Options.max_bytes_for_level_multiplier_addtl[2]: 1
2022/03/26-20:38:16.189065 7f0a407c9000 Options.max_bytes_for_level_multiplier_addtl[3]: 1
2022/03/26-20:38:16.189065 7f0a407c9000 Options.max_bytes_for_level_multiplier_addtl[4]: 1
2022/03/26-20:38:16.189066 7f0a407c9000 Options.max_bytes_for_level_multiplier_addtl[5]: 1
2022/03/26-20:38:16.189067 7f0a407c9000 Options.max_bytes_for_level_multiplier_addtl[6]: 1
2022/03/26-20:38:16.189068 7f0a407c9000       Options.max_sequential_skip_in_iterations: 8
2022/03/26-20:38:16.189069 7f0a407c9000                    Options.max_compaction_bytes: 2684354550
2022/03/26-20:38:16.189069 7f0a407c9000                        Options.arena_block_size: 33554432
2022/03/26-20:38:16.189070 7f0a407c9000   Options.soft_pending_compaction_bytes_limit: 68719476736
2022/03/26-20:38:16.189071 7f0a407c9000   Options.hard_pending_compaction_bytes_limit: 274877906944
2022/03/26-20:38:16.189072 7f0a407c9000       Options.rate_limit_delay_max_milliseconds: 100
2022/03/26-20:38:16.189073 7f0a407c9000                Options.disable_auto_compactions: 0
2022/03/26-20:38:16.189075 7f0a407c9000                        Options.compaction_style: kCompactionStyleLevel
2022/03/26-20:38:16.189076 7f0a407c9000                          Options.compaction_pri: kMinOverlappingRatio
2022/03/26-20:38:16.189078 7f0a407c9000 Options.compaction_options_universal.size_ratio: 1
2022/03/26-20:38:16.189079 7f0a407c9000 Options.compaction_options_universal.min_merge_width: 2
2022/03/26-20:38:16.189080 7f0a407c9000 Options.compaction_options_universal.max_merge_width: 4294967295
2022/03/26-20:38:16.189081 7f0a407c9000 Options.compaction_options_universal.max_size_amplification_percent: 200
2022/03/26-20:38:16.189082 7f0a407c9000 Options.compaction_options_universal.compression_size_percent: -1
2022/03/26-20:38:16.189084 7f0a407c9000 Options.compaction_options_universal.stop_style: kCompactionStopStyleTotalSize
2022/03/26-20:38:16.189085 7f0a407c9000 Options.compaction_options_fifo.max_table_files_size: 1073741824
2022/03/26-20:38:16.189086 7f0a407c9000 Options.compaction_options_fifo.allow_compaction: 0
2022/03/26-20:38:16.189093 7f0a407c9000                   Options.table_properties_collectors: 
2022/03/26-20:38:16.189094 7f0a407c9000                   Options.inplace_update_support: 0
2022/03/26-20:38:16.189095 7f0a407c9000                 Options.inplace_update_num_locks: 10000
2022/03/26-20:38:16.189096 7f0a407c9000               Options.memtable_prefix_bloom_size_ratio: 0.000000
2022/03/26-20:38:16.189098 7f0a407c9000               Options.memtable_whole_key_filtering: 0
2022/03/26-20:38:16.189098 7f0a407c9000   Options.memtable_huge_page_size: 0
2022/03/26-20:38:16.189099 7f0a407c9000                           Options.bloom_locality: 0
2022/03/26-20:38:16.189100 7f0a407c9000                    Options.max_successive_merges: 0
2022/03/26-20:38:16.189113 7f0a407c9000                Options.optimize_filters_for_hits: 0
2022/03/26-20:38:16.189115 7f0a407c9000                Options.paranoid_file_checks: 0
2022/03/26-20:38:16.189116 7f0a407c9000                Options.force_consistency_checks: 1
2022/03/26-20:38:16.189117 7f0a407c9000                Options.report_bg_io_stats: 0
2022/03/26-20:38:16.189118 7f0a407c9000                               Options.ttl: 2592000
2022/03/26-20:38:16.189120 7f0a407c9000          Options.periodic_compaction_seconds: 2592000
2022/03/26-20:38:16.189121 7f0a407c9000                    Options.enable_blob_files: false
2022/03/26-20:38:16.189122 7f0a407c9000                        Options.min_blob_size: 0
2022/03/26-20:38:16.189124 7f0a407c9000                       Options.blob_file_size: 268435456
2022/03/26-20:38:16.189125 7f0a407c9000                Options.blob_compression_type: NoCompression
2022/03/26-20:38:16.189126 7f0a407c9000       Options.enable_blob_garbage_collection: false
2022/03/26-20:38:16.189127 7f0a407c9000   Options.blob_garbage_collection_age_cutoff: 0.250000
2022/03/26-20:38:16.189188 7f0a407c9000 [db/db_impl/db_impl.cc:2662] Created column family [meta] (ID 1)
2022/03/26-20:38:16.256488 7f0a407c9000 [db/column_family.cc:598] --------------- Options for column family [dead_slots]:
2022/03/26-20:38:16.256496 7f0a407c9000               Options.comparator: leveldb.BytewiseComparator
2022/03/26-20:38:16.256498 7f0a407c9000           Options.merge_operator: None
2022/03/26-20:38:16.256499 7f0a407c9000        Options.compaction_filter: None
2022/03/26-20:38:16.256501 7f0a407c9000        Options.compaction_filter_factory: purged_slot_filter_factory(dead_slots)
2022/03/26-20:38:16.256502 7f0a407c9000  Options.sst_partitioner_factory: None
2022/03/26-20:38:16.256503 7f0a407c9000         Options.memtable_factory: SkipListFactory
2022/03/26-20:38:16.256504 7f0a407c9000            Options.table_factory: BlockBasedTable
2022/03/26-20:38:16.256538 7f0a407c9000            table_factory options:   flush_block_policy_factory: FlushBlockBySizePolicyFactory (0x55c12c30ce30)
  cache_index_and_filter_blocks: 0
  cache_index_and_filter_blocks_with_high_priority: 1
  pin_l0_filter_and_index_blocks_in_cache: 0
  pin_top_level_index_and_filter: 1
  index_type: 0
  data_block_index_type: 0
  index_shortening: 1
  data_block_hash_table_util_ratio: 0.750000
  hash_index_allow_collision: 1
  checksum: 1
  no_block_cache: 0
  block_cache: 0x55c12c30ce80
  block_cache_name: LRUCache
  block_cache_options:
    capacity : 8388608
    num_shard_bits : 4
    strict_capacity_limit : 0
    memory_allocator : None
    high_pri_pool_ratio: 0.000
  block_cache_compressed: (nil)
  persistent_cache: (nil)
  block_size: 4096
  block_size_deviation: 10
  block_restart_interval: 16
  index_block_restart_interval: 1
  metadata_block_size: 4096
  partition_filters: 0
  use_delta_encoding: 1
  filter_policy: nullptr
  whole_key_filtering: 1
  verify_compression: 0
  read_amp_bytes_per_bit: 0
  format_version: 5
  enable_index_compression: 1
  block_align: 0
2022/03/26-20:38:16.256540 7f0a407c9000        Options.write_buffer_size: 268435456
2022/03/26-20:38:16.256541 7f0a407c9000  Options.max_write_buffer_number: 8
2022/03/26-20:38:16.256543 7f0a407c9000          Options.compression: NoCompression
2022/03/26-20:38:16.256544 7f0a407c9000                  Options.bottommost_compression: Disabled
2022/03/26-20:38:16.256545 7f0a407c9000       Options.prefix_extractor: nullptr
2022/03/26-20:38:16.256546 7f0a407c9000   Options.memtable_insert_with_hint_prefix_extractor: nullptr
2022/03/26-20:38:16.256548 7f0a407c9000             Options.num_levels: 7
2022/03/26-20:38:16.256549 7f0a407c9000        Options.min_write_buffer_number_to_merge: 1
2022/03/26-20:38:16.256550 7f0a407c9000     Options.max_write_buffer_number_to_maintain: 0
2022/03/26-20:38:16.256551 7f0a407c9000     Options.max_write_buffer_size_to_maintain: 0
2022/03/26-20:38:16.256552 7f0a407c9000            Options.bottommost_compression_opts.window_bits: -14
2022/03/26-20:38:16.256554 7f0a407c9000                  Options.bottommost_compression_opts.level: 32767
2022/03/26-20:38:16.256555 7f0a407c9000               Options.bottommost_compression_opts.strategy: 0
2022/03/26-20:38:16.256556 7f0a407c9000         Options.bottommost_compression_opts.max_dict_bytes: 0
2022/03/26-20:38:16.256557 7f0a407c9000         Options.bottommost_compression_opts.zstd_max_train_bytes: 0
2022/03/26-20:38:16.256559 7f0a407c9000         Options.bottommost_compression_opts.parallel_threads: 1
2022/03/26-20:38:16.256560 7f0a407c9000                  Options.bottommost_compression_opts.enabled: false
2022/03/26-20:38:16.256561 7f0a407c9000         Options.bottommost_compression_opts.max_dict_buffer_bytes: 0
2022/03/26-20:38:16.256562 7f0a407c9000            Options.compression_opts.window_bits: -14
2022/03/26-20:38:16.256563 7f0a407c9000                  Options.compression_opts.level: 32767
2022/03/26-20:38:16.256565 7f0a407c9000               Options.compression_opts.strategy: 0
2022/03/26-20:38:16.256566 7f0a407c9000         Options.compression_opts.max_dict_bytes: 0
2022/03/26-20:38:16.256567 7f0a407c9000         Options.compression_opts.zstd_max_train_bytes: 0
2022/03/26-20:38:16.256568 7f0a407c9000         Options.compression_opts.parallel_threads: 1
2022/03/26-20:38:16.256587 7f0a407c9000                  Options.compression_opts.enabled: false
2022/03/26-20:38:16.256588 7f0a407c9000         Options.compression_opts.max_dict_buffer_bytes: 0
2022/03/26-20:38:16.256589 7f0a407c9000      Options.level0_file_num_compaction_trigger: 4
2022/03/26-20:38:16.256591 7f0a407c9000          Options.level0_slowdown_writes_trigger: 20
2022/03/26-20:38:16.256592 7f0a407c9000              Options.level0_stop_writes_trigger: 36
2022/03/26-20:38:16.256593 7f0a407c9000                   Options.target_file_size_base: 107374182
2022/03/26-20:38:16.256594 7f0a407c9000             Options.target_file_size_multiplier: 1
2022/03/26-20:38:16.256595 7f0a407c9000                Options.max_bytes_for_level_base: 1073741824
2022/03/26-20:38:16.256596 7f0a407c9000 Options.level_compaction_dynamic_level_bytes: 0
2022/03/26-20:38:16.256597 7f0a407c9000          Options.max_bytes_for_level_multiplier: 10.000000
2022/03/26-20:38:16.256600 7f0a407c9000 Options.max_bytes_for_level_multiplier_addtl[0]: 1
2022/03/26-20:38:16.256601 7f0a407c9000 Options.max_bytes_for_level_multiplier_addtl[1]: 1
2022/03/26-20:38:16.256603 7f0a407c9000 Options.max_bytes_for_level_multiplier_addtl[2]: 1
2022/03/26-20:38:16.256604 7f0a407c9000 Options.max_bytes_for_level_multiplier_addtl[3]: 1
2022/03/26-20:38:16.256605 7f0a407c9000 Options.max_bytes_for_level_multiplier_addtl[4]: 1
2022/03/26-20:38:16.256606 7f0a407c9000 Options.max_bytes_for_level_multiplier_addtl[5]: 1
2022/03/26-20:38:16.256607 7f0a407c9000 Options.max_bytes_for_level_multiplier_addtl[6]: 1
2022/03/26-20:38:16.256608 7f0a407c9000       Options.max_sequential_skip_in_iterations: 8
2022/03/26-20:38:16.256610 7f0a407c9000                    Options.max_compaction_bytes: 2684354550
2022/03/26-20:38:16.256611 7f0a407c9000                        Options.arena_block_size: 33554432
2022/03/26-20:38:16.256612 7f0a407c9000   Options.soft_pending_compaction_bytes_limit: 68719476736
2022/03/26-20:38:16.256613 7f0a407c9000   Options.hard_pending_compaction_bytes_limit: 274877906944
2022/03/26-20:38:16.256615 7f0a407c9000       Options.rate_limit_delay_max_milliseconds: 100
2022/03/26-20:38:16.256616 7f0a407c9000                Options.disable_auto_compactions: 0
2022/03/26-20:38:16.256618 7f0a407c9000                        Options.compaction_style: kCompactionStyleLevel
2022/03/26-20:38:16.256620 7f0a407c9000                          Options.compaction_pri: kMinOverlappingRatio
2022/03/26-20:38:16.256621 7f0a407c9000 Options.compaction_options_universal.size_ratio: 1
2022/03/26-20:38:16.256622 7f0a407c9000 Options.compaction_options_universal.min_merge_width: 2
2022/03/26-20:38:16.256623 7f0a407c9000 Options.compaction_options_universal.max_merge_width: 4294967295
2022/03/26-20:38:16.256624 7f0a407c9000 Options.compaction_options_universal.max_size_amplification_percent: 200
2022/03/26-20:38:16.256626 7f0a407c9000 Options.compaction_options_universal.compression_size_percent: -1
2022/03/26-20:38:16.256628 7f0a407c9000 Options.compaction_options_universal.stop_style: kCompactionStopStyleTotalSize
2022/03/26-20:38:16.256629 7f0a407c9000 Options.compaction_options_fifo.max_table_files_size: 1073741824
2022/03/26-20:38:16.256630 7f0a407c9000 Options.compaction_options_fifo.allow_compaction: 0
2022/03/26-20:38:16.256637 7f0a407c9000                   Options.table_properties_collectors: 
2022/03/26-20:38:16.256638 7f0a407c9000                   Options.inplace_update_support: 0
2022/03/26-20:38:16.256639 7f0a407c9000                 Options.inplace_update_num_locks: 10000
2022/03/26-20:38:16.256641 7f0a407c9000               Options.memtable_prefix_bloom_size_ratio: 0.000000
2022/03/26-20:38:16.256642 7f0a407c9000               Options.memtable_whole_key_filtering: 0
2022/03/26-20:38:16.256644 7f0a407c9000   Options.memtable_huge_page_size: 0
2022/03/26-20:38:16.256645 7f0a407c9000                           Options.bloom_locality: 0
2022/03/26-20:38:16.256646 7f0a407c9000                    Options.max_successive_merges: 0
2022/03/26-20:38:16.256659 7f0a407c9000                Options.optimize_filters_for_hits: 0
2022/03/26-20:38:16.256660 7f0a407c9000                Options.paranoid_file_checks: 0
2022/03/26-20:38:16.256661 7f0a407c9000                Options.force_consistency_checks: 1
2022/03/26-20:38:16.256662 7f0a407c9000                Options.report_bg_io_stats: 0
2022/03/26-20:38:16.256664 7f0a407c9000                               Options.ttl: 2592000
2022/03/26-20:38:16.256665 7f0a407c9000          Options.periodic_compaction_seconds: 2592000
2022/03/26-20:38:16.256666 7f0a407c9000                    Options.enable_blob_files: false
2022/03/26-20:38:16.256667 7f0a407c9000                        Options.min_blob_size: 0
2022/03/26-20:38:16.256668 7f0a407c9000                       Options.blob_file_size: 268435456
2022/03/26-20:38:16.256670 7f0a407c9000                Options.blob_compression_type: NoCompression
2022/03/26-20:38:16.256671 7f0a407c9000       Options.enable_blob_garbage_collection: false
2022/03/26-20:38:16.256672 7f0a407c9000   Options.blob_garbage_collection_age_cutoff: 0.250000
2022/03/26-20:38:16.256704 7f0a407c9000 [db/db_impl/db_impl.cc:2662] Created column family [dead_slots] (ID 2)
2022/03/26-20:38:16.324065 7f0a407c9000 [db/column_family.cc:598] --------------- Options for column family [duplicate_slots]:
2022/03/26-20:38:16.324073 7f0a407c9000               Options.comparator: leveldb.BytewiseComparator
2022/03/26-20:38:16.324075 7f0a407c9000           Options.merge_operator: None
2022/03/26-20:38:16.324076 7f0a407c9000        Options.compaction_filter: None
2022/03/26-20:38:16.324078 7f0a407c9000        Options.compaction_filter_factory: purged_slot_filter_factory(duplicate_slots)
2022/03/26-20:38:16.324080 7f0a407c9000  Options.sst_partitioner_factory: None
2022/03/26-20:38:16.324081 7f0a407c9000         Options.memtable_factory: SkipListFactory
2022/03/26-20:38:16.324082 7f0a407c9000            Options.table_factory: BlockBasedTable
2022/03/26-20:38:16.324110 7f0a407c9000            table_factory options:   flush_block_policy_factory: FlushBlockBySizePolicyFactory (0x55c12c30f0c0)
  cache_index_and_filter_blocks: 0
  cache_index_and_filter_blocks_with_high_priority: 1
  pin_l0_filter_and_index_blocks_in_cache: 0
  pin_top_level_index_and_filter: 1
  index_type: 0
  data_block_index_type: 0
  index_shortening: 1
  data_block_hash_table_util_ratio: 0.750000
  hash_index_allow_collision: 1
  checksum: 1
  no_block_cache: 0
  block_cache: 0x55c12c30f110
  block_cache_name: LRUCache
  block_cache_options:
    capacity : 8388608
    num_shard_bits : 4
    strict_capacity_limit : 0
    memory_allocator : None
    high_pri_pool_ratio: 0.000
  block_cache_compressed: (nil)
  persistent_cache: (nil)
  block_size: 4096
  block_size_deviation: 10
  block_restart_interval: 16
  index_block_restart_interval: 1
  metadata_block_size: 4096
  partition_filters: 0
  use_delta_encoding: 1
  filter_policy: nullptr
  whole_key_filtering: 1
  verify_compression: 0
  read_amp_bytes_per_bit: 0
  format_version: 5
  enable_index_compression: 1
  block_align: 0
2022/03/26-20:38:16.324112 7f0a407c9000        Options.write_buffer_size: 268435456
2022/03/26-20:38:16.324113 7f0a407c9000  Options.max_write_buffer_number: 8
2022/03/26-20:38:16.324115 7f0a407c9000          Options.compression: NoCompression
2022/03/26-20:38:16.324116 7f0a407c9000                  Options.bottommost_compression: Disabled
2022/03/26-20:38:16.324117 7f0a407c9000       Options.prefix_extractor: nullptr
2022/03/26-20:38:16.324119 7f0a407c9000   Options.memtable_insert_with_hint_prefix_extractor: nullptr
